500.0,572.2346381021318,611.2323066890328,620.9040719398844,621.5506678011876,621.5651793099024,621.5654623944071,621.5654678980728,621.5654680050664
500.0,500.0,250.0,125.0,62.5,19.345162140158557,38.23568223580107,33.36329791225772,35.07677195713226,34.512353878573755,34.70278754369179,34.63903357290462,34.66043371505521,34.6532567125084,34.65566438920122,34.65485676354368,34.655127680704865,34.65503680284916,34.65506728750204,34.6550570615467,34.65506049180412,34.65505934113761,34.65505972712424,34.65505959764651
500.0,560.291115420745,587.2997886871225,592.4900225087185,592.8479872580422,592.8643113595906,592.865029615562,592.8650611661498,592.8650625519593
500.0,500.0,250.0,125.0,62.5,23.018322915595164,39.930864486127234,35.49262591113755,37.027576995481084,36.527957993073386,36.69416563353719,36.63925908235952,36.65743987512174,36.65142444743997,36.65341526365938,36.652756455269255,36.65297447671849,36.652902326890114,36.65292620350271,36.65291830200019,36.6529209168503,36.6529200515161,36.65292033788175
500.0,559.7894575027115,584.6238929775949,588.3554635644823,588.4843594302998,588.4866162097902,588.4866544014109,588.48665504734
500.0,500.0,250.0,125.0,62.5,19.555131359413302,37.98975416820451,33.39000682562074,34.95903335979482,34.456970025484274,34.62131181353949,34.56790123417611,34.58530043422516,34.57963674529442,34.581480816432034,34.58088044399691,34.58107591182212,34.58101227242076,34.58103299186514,34.581026246123116,34.58102844237163,34.58102772732694,34.58102796012796
500.0,535.4920501142805,543.1913170402876,543.5830233131512,543.5890901653528,543.5891733143166,543.5891744516165
500.0,500.0,250.0,125.0,62.5,21.53603334637468,38.99963258170418,34.55958010366579,36.072312928174426,35.58778690248068,35.74641202185604,35.694838591040586,35.71164468565471,35.70617216716341,35.70795459563586,35.70737409462409,35.707563156919655,35.70750158208343,35.707521636165076,35.70751510483082,35.707517231995766,35.70751653920772,35.707516764839156
500.0,582.8410625150693,637.7566993341784,658.6726910090608,661.5052055726335,661.6150674314134,661.617916259788,661.617988717409,661.617990559381
500.0,500.0,250.0,125.0,62.5,21.49523239770253,38.90451764081213,34.51413186897255,35.99988147329935,35.527094042324244,35.68083361692043,35.631179516485844,35.64725218774263,35.642053302214435,35.64373532967323,35.64319117374936,35.64336721894273,35.64331026529096,35.643328690824895,35.6433227298371,35.643324658323145,35.643324034423514,35.64332423626615
500.0,563.7560208124778,591.529504654436,595.7435536836398,595.8301839484382,595.8302833793744
500.0,500.0,250.0,125.0,62.5,22.233428033345955,39.1546405668004,34.91654576958305,36.33294150420254,35.887238609981225,36.03045132653906,35.98473205768927,35.999358081786816,35.99468220148915,35.99617738076231,35.99569930855924,35.995852171849045,35.99580329424841,35.9958189227566,35.99581392557813,35.99581552341446,35.995815012510015,35.995815175870526
500.0,563.7560208124778,591.529504654436,595.7435536836398,595.8301839484382,595.8302833793744