500.0,573.2540518772394,612.285240157887,621.1995147539875,621.5850097374499,621.5856938771158
500.0,500.0,250.0,125.0,62.5,32.99335045999664,36.22134286602507,36.268160673646136,36.26817033743484
500.0,562.4187403915042,588.9803613134538,592.8153743658097,592.8848111539318,592.8848333966732
500.0,500.0,250.0,125.0,62.5,33.31250119515875,36.47671057239664,36.52167659110808,36.521685504905385
500.0,560.5975462582973,585.2174364486433,588.4568874670301,588.5060309381953,588.5060420291751,588.5060364836853,588.5060392564302,588.5060420291741
500.0,500.0,250.0,125.0,62.5,30.643235518970894,34.35515539927802,34.41724166701175,34.41725866334977
500.0,535.9397284112715,543.3447957520513,543.6081013947281,543.6084200376057
500.0,500.0,250.0,125.0,62.5,32.09565401740571,35.50541844701025,35.557716104914306,35.557728164172595
500.0,584.2074733823476,639.6093448990955,659.5502693715014,661.6175363654686,661.6374336825604,661.6374355028612,661.6374345927109,661.6374355028586,661.6374350477847,661.6374352753216,661.6374355028585,661.6374353890901
500.0,500.0,250.0,125.0,62.5,32.1618960138931,35.558082202626785,35.60995931390746,35.60997117982003
500.0,563.800482705851,591.5740976640111,595.7667405883592,595.8493287163536,595.8493599671442
500.0,500.0,250.0,125.0,62.5,32.6478526330594,35.94555636514673,35.99444315317609,35.99445369109346
500.0,563.800482705851,591.5740976640111,595.7667405883592,595.8493287163536,595.8493599671442