1.358000000000000040e-01 1.283999999999999864e-01 1.238999999999999962e-01 1.174000000000000044e-01 1.130000000000000032e-01 1.091000000000000025e-01 1.052000000000000018e-01 1.019000000000000045e-01 9.740000000000000047e-02 9.270000000000000462e-02
1.441999999999999948e-01 1.332000000000000128e-01 1.277000000000000079e-01 1.229999999999999982e-01 1.160999999999999949e-01 1.125000000000000028e-01 1.083999999999999964e-01 1.055999999999999994e-01 1.008000000000000007e-01 9.729999999999999760e-02
1.472999999999999865e-01 1.408999999999999975e-01 1.295999999999999930e-01 1.243999999999999967e-01 1.212000000000000022e-01 1.147999999999999993e-01 1.130000000000000032e-01 1.077000000000000041e-01 1.029000000000000054e-01 1.003000000000000003e-01
1.545999999999999874e-01 1.468000000000000138e-01 1.375000000000000111e-01 1.328999999999999904e-01 1.250999999999999890e-01 1.195999999999999980e-01 1.140000000000000041e-01 1.097000000000000058e-01 1.055999999999999994e-01 9.950000000000000511e-02
1.617000000000000104e-01 1.527999999999999914e-01 1.446999999999999953e-01 1.340999999999999970e-01 1.298999999999999877e-01 1.223000000000000059e-01 1.160999999999999949e-01 1.126999999999999946e-01 1.086000000000000021e-01 1.038000000000000034e-01
1.685999999999999999e-01 1.615999999999999936e-01 1.511000000000000121e-01 1.438000000000000111e-01 1.328000000000000014e-01 1.269000000000000128e-01 1.215999999999999998e-01 1.179999999999999938e-01 1.127999999999999975e-01 1.076000000000000012e-01
1.807999999999999885e-01 1.685000000000000109e-01 1.565999999999999892e-01 1.484999999999999931e-01 1.413000000000000089e-01 1.325000000000000067e-01 1.277999999999999969e-01 1.209999999999999964e-01 1.163000000000000006e-01 1.116000000000000048e-01
1.864000000000000101e-01 1.758000000000000118e-01 1.630000000000000060e-01 1.585999999999999910e-01 1.451999999999999957e-01 1.409999999999999865e-01 1.312000000000000111e-01 1.260000000000000009e-01 1.202000000000000013e-01 1.144000000000000017e-01
1.970999999999999974e-01 1.852000000000000035e-01 1.741999999999999937e-01 1.590000000000000024e-01 1.537999999999999923e-01 1.426000000000000045e-01 1.376000000000000001e-01 1.312000000000000111e-01 1.237999999999999934e-01 1.174999999999999933e-01
2.127000000000000002e-01 1.947000000000000119e-01 1.819000000000000061e-01 1.698999999999999955e-01 1.618999999999999884e-01 1.529999999999999971e-01 1.444000000000000006e-01 1.355999999999999983e-01 1.302999999999999992e-01 1.224999999999999978e-01
